0.55
0.95
0.25
0.4
0.95
0.0
0.5
0.050000000000000044
0.0
0.95
0.95
0.9
0.0
0.8
0.95
0.8
0.9
0.95
0.65
0.9
0.7
0.95
0.65
0.95
0.85
0.85
0.95
0.95
0.95
0.95
0.85
0.0
0.85
0.8
0.9
0.95
0.95
0.30000000000000004
0.95
0.95
0.95
0.9
0.95
0.0
0.95
0.85
0.7
0.9
0.9
0.85
0.95
0.0
0.9
0.55
0.95
0.85
0.95
0.55
0.95
0.8
0.9
0.95
0.95
0.95
0.0
0.95
0.65
0.9
0.9
0.95
0.95
0.95
0.9
0.85
0.4
0.65
0.85
0.9
0.95
0.9
0.19999999999999996
0.65
0.95
0.95
0.7
0.95
0.55
0.95
0.44999999999999996
0.85
0.44999999999999996
0.9
0.95
0.6
0.65
0.8
0.75
0.35
0.95
0.0
0.9
0.95
0.95
0.9
0.8
0.65
0.95
0.44999999999999996
0.95
0.7
0.95
0.9
0.4
0.9
0.95
0.75
0.9
0.95
0.95
0.95
0.95
0.95
0.95
0.95
0.8
0.85
0.7
0.95
0.95
0.95
0.95
0.30000000000000004
0.85
0.9
0.8
0.85
0.95
0.7
0.25
0.95
0.8
0.9
0.9
0.95
0.9
0.95
0.95
0.85
0.5
0.0
0.65
0.85
0.85
0.6
0.9
0.85
0.25
0.95
0.95
0.95
0.95
0.35
0.95
0.9
0.75
0.9
0.4
0.7
0.95
0.95
0.75
0.9
0.95
0.8
0.95
0.95
0.65
0.95
0.95
0.95
0.95
0.4
0.95
0.4
0.9
0.8
0.95
0.85
0.8
0.8
0.9
0.8
0.75
0.85
0.95
0.7
0.95
0.85
0.7
0.6
0.95
0.9
0.30000000000000004
0.9
0.8
0.9
0.9
0.95
0.95
0.8
0.85
0.44999999999999996
0.85
0.95
0.85
0.85
0.95
0.85
0.44999999999999996
0.85
0.75
0.85
0.9
0.85
0.9
0.95
0.0
0.95
0.8
0.95
0.85
0.95
0.95
0.95
0.8
0.85
0.0
0.9
0.050000000000000044
0.65
0.95
0.85
0.85
0.6
0.35
0.85
0.75
0.95
0.30000000000000004
0.09999999999999998
0.95
0.85
0.95
0.85
0.95
0.85
0.7
0.95
0.95
0.75
0.95
0.65
0.9
0.8
0.85
0.6
0.95
0.09999999999999998
0.95
0.8
0.09999999999999998
0.65
0.95
0.85
0.95
0.85
0.8
0.95
0.95
0.9
0.7
0.95
0.95
0.75
0.8
0.95
0.85
0.6
0.9
0.9
0.95
0.9
0.0
0.55
0.95
0.9
0.95
0.95
0.95
0.85
0.75
0.85
0.5
0.75
0.95
0.95
0.95
0.95
0.9
0.8
0.75
0.9
0.30000000000000004
0.85
0.85
0.25
0.9
0.75
0.65
0.85
0.9
0.9
0.95
0.95
0.0
0.75
0.65
0.9
0.95
0.95
0.95
0.95
0.6
0.75
0.75
0.95
0.9
0.95
0.85
0.95
0.7
0.95
0.9
0.95
0.9
0.85
0.95
0.75
0.5
0.95
0.95
0.9
0.9
0.9
0.8
0.95
0.4
0.9
0.95
0.95
0.95
0.95
0.5
0.95
0.8
0.9
0.65
0.8
0.9
0.95
0.9
0.8
0.30000000000000004
0.9
0.75
0.65
0.65
0.75
0.95
0.95
0.95
0.85
0.35
0.9
0.95
0.9
0.95
0.9
0.4
0.95
0.95
0.85
0.75
0.15000000000000002
0.9
0.9
0.65
0.95
0.44999999999999996
0.95
average value:0.9675